87.0517928286853
174.103585657371
261.155378486056
348.207171314741
435.258964143426
522.310756972112
609.362549800797
696.414342629482
783.466135458168
870.517928286853
957.569721115538
1044.62151394422
1131.67330677291
1218.72509960159
1305.77689243028
1392.82868525897
1479.88047808765
1566.93227091634
1653.98406374502
1741.03585657371
1828.08764940239
1915.13944223108
2002.19123505976
2089.24302788845
2176.29482071713
2263.34661354582
2350.3984063745
2437.45019920319
2524.50199203188
2611.55378486056
2916.55378486056
3003.60557768925
3090.65737051793
3177.70916334662
3264.7609561753
3351.81274900399
3438.86454183267
3525.91633466136
3612.96812749004
3700.01992031873
3787.07171314741
3874.1235059761
3961.17529880478
4048.22709163347
4135.27888446216
4222.33067729084
4309.38247011953
4396.43426294821
4483.4860557769
4570.53784860558
4657.58964143427
4744.64143426295
4831.69322709164
5136.69322709164
5223.74501992032
5310.79681274901
5397.8486055777
5484.90039840638
5571.95219123507
5659.00398406375
5746.05577689244
5833.10756972112
5920.15936254981
6007.21115537849
6094.26294820718
6181.31474103586
6268.36653386455
6355.41832669323
6442.47011952192
6529.5219123506
6616.57370517929
6703.62549800798
6790.67729083666
6877.72908366535
6964.78087649403
7051.83266932272
7138.8844621514
7225.93625498009
7312.98804780877
7400.03984063746
7487.09163346614
7574.14342629483
7661.19521912352
7748.2470119522
7835.29880478089
7922.35059760957
8009.40239043826
8096.45418326694
8183.50597609563
8270.55776892431
8357.609561753
8444.66135458168
8531.71314741037
8618.76494023905
8705.81673306774
8792.86852589642
8879.9203187251
8966.97211155379
9054.02390438247
9141.07569721116
9228.12749003984
9315.17928286853
9402.23107569721
9489.2828685259
9576.33466135458
9663.38645418326
9750.43824701195
9837.49003984063
9924.54183266932
10011.593625498
10098.6454183267
10185.6972111554
10272.7490039841
10359.8007968127
10446.8525896414
10533.9043824701
10620.9561752988
10708.0079681275
10795.0597609562
10882.1115537848
10969.1633466135
11056.2151394422
11143.2669322709
11230.3187250996
11317.3705179283
11404.422310757
11491.4741035856
11578.5258964143
11665.577689243
11752.6294820717
11839.6812749004
11926.7330677291
12013.7848605577
12100.8366533864
12187.8884462151
12274.9402390438
12361.9920318725
12449.0438247012
12536.0956175299
12623.1474103585
12710.1992031872
12797.2509960159
12884.3027888446
12971.3545816733
13058.406374502
13145.4581673306
13232.5099601593
13319.561752988
13406.6135458167
13493.6653386454
13580.7171314741
13667.7689243028
13754.8207171314
13841.8725099601
13928.9243027888
14015.9760956175
14103.0278884462
14190.0796812749
14277.1314741035
14364.1832669322
14451.2350597609
14538.2868525896
14625.3386454183
14712.390438247
14799.4422310756
14886.4940239043
14973.545816733
15060.5976095617
15147.6494023904
15234.7011952191
15321.7529880478
15408.8047808764
15495.8565737051
15582.9083665338
15669.9601593625
15974.9601593625
16062.0119521912
16149.0637450199
16236.1155378485
16323.1673306772
16410.2191235059
16497.2709163346
16584.3227091633
16671.374501992
16758.4262948207
16845.4780876494
16932.529880478
17019.5816733067
17106.6334661354
17193.6852589641
17280.7370517928
17367.7888446215
17454.8406374502
17541.8924302788
17628.9442231075
17933.9442231075
18020.9960159362
18108.0478087649
18195.0996015936
18282.1513944223
18369.203187251
18456.2549800796
18543.3067729083
18630.358565737
18717.4103585657
18804.4621513944
18891.5139442231
18978.5657370518
19065.6175298804
19152.6693227091
19239.7211155378
19326.7729083665
19413.8247011952
19500.8764940239
19587.9282868526
19674.9800796813
19762.0318725099
19849.0836653386
19936.1354581673
20023.187250996
20110.2390438247
20197.2908366534
20284.3426294821
20371.3944223107
20458.4462151394
20545.4980079681
20632.5498007968
20719.6015936255
20806.6533864542
20893.7051792829
20980.7569721115
21067.8087649402
21154.8605577689
21241.9123505976
21328.9641434263
21416.015936255
21503.0677290837
21590.1195219124
21677.171314741
21764.2231075697
21851.2749003984
21938.3266932271
22025.3784860558
22112.4302788845
22199.4820717132
22286.5338645418
22373.5856573705
22460.6374501992
22547.6892430279
22634.7410358566
22721.7928286853
22808.844621514
22895.8964143426
22982.9482071713
23070
23157.0517928287